.Random.seed <-
c(403L, 518L, 1343564160L, 1744818817L, -523823067L, -52593861L, 
1645769159L, -647188083L, -900486584L, -756096105L, 57026674L, 
385181145L, -1549023531L, -1534421889L, 485601513L, -325312916L, 
2045745137L, -1033006739L, 1242459331L, -1398697131L, -294669342L, 
1022193667L, 784126996L, 503552706L, 2139976665L, 2075664578L, 
84428539L, 798571452L, 1535910512L, 1196079944L, 2050877540L, 
-1674825243L, 2104388136L, 1184521208L, 293628132L, 1123995362L, 
271115773L, 1132311522L, -1284512835L, 690335684L, -290674208L, 
1973175706L, 1843374757L, -1848443607L, 2110382672L, -836001473L, 
1347960406L, -396299621L, -1953872571L, -1593158689L, -1057292736L, 
-1812353771L, 1703214046L, 273616839L, 871996106L, 1730371286L, 
-1800733918L, 386522719L, -761874526L, -401228205L, -821737335L, 
552244068L, -160051339L, 75441528L, -1183983928L, -1819964378L, 
933278816L, -1940252356L, -560377076L, 1008475273L, -221842823L, 
1975055118L, 2084756592L, 357211333L, -199890386L, 796330151L, 
-209414572L, -610847983L, -141179736L, 483420838L, -1270357480L, 
-161232922L, 1475052448L, -417599655L, 2105172075L, -1889173866L, 
-1771937774L, 1638892707L, 1345814619L, 587895928L, -747317357L, 
-541431840L, 1205986371L, 1111040527L, 1640270425L, 2109670442L, 
-1852678713L, 1295144234L, -1162431252L, 1317334363L, -1930801762L, 
975878246L, 310510844L, -660720328L, -1735834981L, 1640937682L, 
1214401120L, -2095733602L, 845914297L, 1275247799L, -1764102789L, 
-1912260207L, -1174889086L, 571280844L, -538976976L, -1661886791L, 
-1351493646L, 987445417L, -630510906L, -1786388244L, -40109002L, 
-1100710402L, -522513747L, -1882633577L, -1099486473L, -451053114L, 
-978033825L, 1067551726L, 661324953L, -1056887286L, -2128907232L, 
229283510L, -731206882L, 1157336910L, 1010110027L, -1878853345L, 
468947146L, 1331558267L, -332044396L, -1672220829L, -332859848L, 
-1933363464L, -727585482L, 1770010741L, -1301196412L, -205318034L, 
-597784019L, 1835317595L, -1216685659L, -119770717L, -1132349711L, 
-1537027949L, 2206561L, 1028297636L, -1682802328L, -1918308263L, 
-2065666730L, 957676249L, -1840637364L, 128873824L, 1377887981L, 
-1433280763L, 169342411L, 1738514468L, 1049724643L, -1653073945L, 
-8155126L, 675431632L, 1325816940L, 1993019520L, 1385710607L, 
1578956783L, 784364497L, 940707008L, -698944044L, 1708877576L, 
1504682638L, 1039754579L, -1162290802L, -1077643825L, -118082742L, 
1607608901L, -933214344L, 1846122549L, 1229729497L, 287618369L, 
1848033005L, 348895365L, -630159779L, -1469136672L, 1008412461L, 
349818374L, 1635451026L, -1798924413L, 1309064140L, -188261618L, 
-245457333L, 595105201L, 2034972574L, 2045757807L, -858509330L, 
-505219852L, 514325144L, -82099472L, 1290482370L, 1446265489L, 
-1230876702L, -1383765745L, 157405079L, -1491649508L, -442101987L, 
-195037249L, -883671381L, -1560720520L, 1118198661L, 1503484178L, 
-490567921L, 1040312632L, -742631291L, 153599926L, -1273778490L, 
491369555L, -707971453L, 240128306L, 125823808L, 810144713L, 
-1989359087L, -741786748L, 1552700364L, 461565678L, 1871806843L, 
1544239360L, 454564805L, 865721L, -1467824743L, 992177379L, 900070640L, 
-706389731L, 1630927480L, -249756645L, 1079910142L, 1707520085L, 
-881289987L, -1232781715L, 1036218712L, 504997409L, 117470393L, 
-1535759494L, 946651491L, -1757676397L, 1005960415L, -174326827L, 
1808437640L, -89047745L, -319535966L, 646015032L, 1243983540L, 
319253476L, -1535570916L, -630690948L, -1355226762L, -1456075793L, 
-257359355L, 839045315L, -920573672L, -1238887458L, -1184046339L, 
-1069323012L, 1498697601L, -1384197852L, 743652462L, -390873545L, 
-1240453768L, -195713459L, 1058997877L, 2117366940L, -1951070650L, 
2013586480L, -782177730L, 1285746240L, -573363518L, 1906955981L, 
916176975L, 2111441968L, -1130957758L, -2086024756L, 1654969590L, 
-64753735L, 1952893993L, -399695096L, 869713443L, -1041191205L, 
737371643L, 611420958L, 90926067L, 216854078L, 473270876L, 1303933429L, 
-140191336L, -642570074L, 1139081979L, -1076817685L, -750603525L, 
1295019546L, -18942848L, 554740447L, -410409943L, -2143932099L, 
-1458286940L, -1640132347L, -1123964794L, 436315149L, 616563655L, 
-1294568904L, -89450785L, -1339314084L, -1754057779L, -912085529L, 
1981047156L, -1169809166L, 279335263L, 1089605719L, -1867931902L, 
683613250L, -453994899L, 1025005518L, -1940878531L, -1254172890L, 
-820718842L, 1486186351L, -1088440343L, 656693330L, -830033198L, 
1759589787L, 1316295056L, -2104037648L, 1594282831L, -1805349350L, 
-959616547L, 335941858L, 1055846639L, 470242046L, -1171263177L, 
533124950L, 229475047L, 1909461140L, 2066265233L, -1190495051L, 
1603369462L, 2120889306L, -415194843L, 2072958047L, 133587819L, 
1429300466L, -2103808213L, 1790214321L, 744988722L, 993626277L, 
1578877550L, -1234951099L, -1610664914L, 857763340L, 910740335L, 
407016699L, -308517589L, 6071738L, 761422169L, 2105965245L, -510369841L, 
277369938L, 1779820247L, 538002585L, -1158895840L, 459487358L, 
1180598491L, -1127013106L, 269242667L, 1573490162L, -1983880365L, 
1121071142L, -1015341235L, 1737424550L, -2034618890L, 875076834L, 
-759391161L, -1852655496L, 1431551550L, -5360120L, -737841840L, 
-72924086L, -308908962L, -821894591L, 580402515L, 1386368905L, 
-1011705119L, 1415741655L, 1057901112L, 388923632L, 2042757585L, 
1406690140L, 1436390265L, 845586262L, -1357721267L, -423277849L, 
-1322739510L, -289284215L, -1179964349L, -1008655658L, -73641985L, 
496903110L, -525187038L, -1587347174L, 813694885L, 697221068L, 
-923360571L, 318732133L, 2129714571L, -729747356L, -997384506L, 
-1284288104L, -1305735733L, -2011978427L, -1822303446L, 1928301817L, 
863964030L, 1620078790L, 1119256050L, 1716041609L, 1875111184L, 
-1354451621L, -1679697353L, -839787956L, -2008391961L, -2014925674L, 
-892817911L, 1756205541L, 696686277L, 711432935L, 1871373598L, 
721686298L, -1714515342L, -1534679840L, -1386433687L, -491129910L, 
326553098L, 465939702L, 1324596025L, -952498280L, 1421353326L, 
-1354426125L, -953347494L, -590714740L, 542090931L, 1701843776L, 
-977039524L, 1217957934L, 1980243553L, -235981240L, -1013510355L, 
643904600L, 482079543L, 2013537410L, -916355212L, -640113461L, 
-229522881L, -123117277L, -1403348343L, -166281729L, 1442305077L, 
1461189438L, 2020788250L, 282962141L, -970721202L, 726919577L, 
1786221450L, 1082499366L, 890235512L, -2002746053L, -780441567L, 
72588489L, -618572258L, 1099203191L, -1935035080L, -1182593042L, 
-768564508L, -1572367272L, -109769684L, 1532653255L, 1847275808L, 
166470895L, -261495695L, 486375443L, 1984272358L, 992798758L, 
1652568309L, -1839373187L, 973595482L, -1403849931L, -108692430L, 
-485600139L, 763977247L, 1594042127L, 195532658L, 2111983600L, 
501861189L, -1348832209L, 82678350L, 1226882918L, 1617740916L, 
-1204704583L, 681752230L, -1537370741L, -1423983557L, 139383307L, 
-985621473L, 45405873L, -289326537L, -1937120984L, 2022303155L, 
-1688758526L, 147908503L, -607232825L, -1348395954L, 1707753467L, 
402989745L, 1053978509L, 2087863491L, -1670538836L, 586746014L, 
62484729L, 1385420756L, 1215064221L, 2118579933L, -691413924L, 
-808073234L, -1740600812L, 482468243L, 147959398L, -2088445768L, 
-1088575490L, -1974591860L, -905831111L, 1603443285L, 1876593294L, 
597119665L, -944731595L, 2139890350L, -1845235438L, 541564095L, 
665811066L, 2018511522L, -1552632243L, 817319834L, -1564687458L, 
248715328L, -293479328L, 698564647L, 476926509L, 736074849L, 
-1788256206L, -1725012968L, 683673249L, -1237103094L, 1781821423L, 
960918324L, -1605548353L, 1756810817L, -1230220726L, 250484355L, 
1698821725L, 539877552L, 791690351L, -1742619468L, 766798153L, 
-1612315169L, 1033158694L, -1341830434L, -880230178L, -1243768492L, 
-1029188066L, 1669401845L, 1008412772L, -1879531218L, -7688449L, 
-1400903281L, -1106708535L, -1638973654L, -354397252L, -1990819033L, 
1823613262L, 355853095L, 1002623256L, -1482472156L, -765937647L, 
672597186L, -262555898L, -1441223567L, 540812941L, -561794248L, 
923947847L, 167117730L, -1324064491L, 1022273705L, 169188898L, 
